data1={{2,2e-06}{3,2e-06}{4,0}{5,1e-06}{6,2e-06}{7,1e-06}{8,3e-06}{9,6e-06}{10,9e-06}{11,1.8e-05}{12,3.5e-05}{13,6.7e-05}{14,0.000134}{15,0.000258}{16,0.000514}{17,0.001085}{18,0.002024}{19,0.004075}{20,0.009565}{21,0.016716}{22,0.032071}{23,0.072877}{24,0.135549}}
data2={{2,2e-06}{52,0.000111}{102,0.000386}{152,0.000916}{202,0.002529}{252,0.003511}{302,0.00417}{352,0.00743}{402,0.006512}{452,0.007091}{502,0.008984}{552,0.01056}{602,0.012403}{652,0.01453}{702,0.017359}{752,0.01917}{802,0.02254}{852,0.024776}{902,0.029924}{952,0.031636}{1002,0.037321}{1052,0.04443}{1102,0.044003}{1152,0.048253}{1202,0.053194}{1252,0.05525}{1302,0.06023}{1352,0.065848}{1402,0.069969}{1452,0.074192}{1502,0.080811}{1552,0.082287}{1602,0.0925}{1652,0.092654}{1702,0.099108}{1752,0.106702}{1802,0.111542}{1852,0.116901}{1902,0.130059}{1952,0.13409}{2002,0.137822}{2052,0.14325}{2102,0.152399}{2152,0.166773}{2202,0.169492}{2252,0.177686}{2302,0.192841}{2352,0.19365}{2402,0.201515}{2452,0.206056}{2502,0.219282}{2552,0.233981}{2602,0.23433}{2652,0.261449}{2702,0.257166}{2752,0.265149}{2802,0.275177}{2852,0.283033}{2902,0.290081}{2952,0.302105}{3002,0.313234}{3052,0.32615}{3102,0.339574}{3152,0.350524}{3202,0.364568}{3252,0.35861}{3302,0.420087}{3352,0.402316}{3402,0.401891}{3452,0.444742}{3502,0.42799}{3552,0.442958}{3602,0.448417}{3652,0.459187}{3702,0.48106}{3752,0.483413}{3802,0.502781}{3852,0.510522}{3902,0.516285}{3952,0.548015}{4002,0.588991}{4052,0.577793}{4102,0.594709}{4152,0.596727}{4202,0.612399}{4252,0.616669}{4302,0.632075}{4352,0.662487}{4402,0.675296}{4452,0.688834}{4502,0.696361}{4552,0.731156}{4602,0.741576}{4652,0.743676}{4702,0.774051}{4752,0.774704}{4802,0.844126}{4852,0.881761}{4902,0.942058}{4952,0.92961}}
